glm::vec3 normals[129] = { 
			glm::vec3(-0.000000, -0.000000, 1.000000), 
			glm::vec3(1.000000, -0.000000, 0.000000), 
			glm::vec3(0.000000, 1.000000, 0.000000), 
			glm::vec3(0.707107, 0.707107, 0.000000), 
			glm::vec3(-0.000000, 0.707107, 0.707107), 
			glm::vec3(-0.707107, 0.707107, -0.000000), 
			glm::vec3(0.000000, 0.707107, -0.707107), 
			glm::vec3(0.707107, -0.000000, -0.707107), 
			glm::vec3(0.707107, -0.000000, 0.707107), 
			glm::vec3(-0.418436, 0.806116, -0.418436), 
			glm::vec3(-0.806116, 0.418436, -0.418436), 
			glm::vec3(-0.418436, 0.418436, -0.806116), 
			glm::vec3(-0.418436, 0.806116, 0.418436), 
			glm::vec3(-0.418436, 0.418436, 0.806116), 
			glm::vec3(-0.806116, 0.418436, 0.418436), 
			glm::vec3(0.418436, 0.806116, 0.418436), 
			glm::vec3(0.806116, 0.418436, 0.418436), 
			glm::vec3(0.418436, 0.418436, 0.806116), 
			glm::vec3(0.418436, 0.806116, -0.418436), 
			glm::vec3(0.418436, 0.418436, -0.806116), 
			glm::vec3(0.806116, 0.418436, -0.418436), 
			glm::vec3(0.948730, -0.000000, 0.316088), 
			glm::vec3(0.316091, -0.000000, -0.948729), 
			glm::vec3(0.000000, 0.948730, -0.316088), 
			glm::vec3(-0.316088, 0.948730, -0.000000), 
			glm::vec3(-0.000000, 0.948730, 0.316088), 
			glm::vec3(0.316088, 0.948730, 0.000000), 
			glm::vec3(0.948730, 0.316088, 0.000000), 
			glm::vec3(-0.000000, 0.316088, 0.948730), 
			glm::vec3(-0.948730, 0.316088, -0.000000), 
			glm::vec3(0.000000, 0.316088, -0.948730), 
			glm::vec3(0.948730, -0.000000, -0.316088), 
			glm::vec3(0.316088, -0.000000, 0.948730), 
			glm::vec3(-0.200776, 0.379965, -0.902948), 
			glm::vec3(-0.379965, 0.200776, -0.902948), 
			glm::vec3(-0.173078, 0.173078, -0.969581), 
			glm::vec3(-0.902948, 0.379965, 0.200776), 
			glm::vec3(-0.902948, 0.200776, 0.379965), 
			glm::vec3(-0.969581, 0.173078, 0.173078), 
			glm::vec3(0.200776, 0.379965, 0.902948), 
			glm::vec3(0.379965, 0.200776, 0.902948), 
			glm::vec3(0.173078, 0.173078, 0.969581), 
			glm::vec3(0.902948, 0.379965, -0.200776), 
			glm::vec3(0.902947, 0.200776, -0.379967), 
			glm::vec3(0.969581, 0.173078, -0.173078), 
			glm::vec3(0.173078, 0.969581, -0.173078), 
			glm::vec3(0.200776, 0.902947, -0.379967), 
			glm::vec3(0.379967, 0.902947, -0.200776), 
			glm::vec3(0.173078, 0.173078, -0.969581), 
			glm::vec3(0.379967, 0.200776, -0.902947), 
			glm::vec3(0.200776, 0.379965, -0.902948), 
			glm::vec3(0.434333, 0.636928, -0.636928), 
			glm::vec3(0.636928, 0.434333, -0.636928), 
			glm::vec3(0.636928, 0.636928, -0.434333), 
			glm::vec3(0.173078, 0.969581, 0.173078), 
			glm::vec3(0.379967, 0.902947, 0.200776), 
			glm::vec3(0.200776, 0.902947, 0.379967), 
			glm::vec3(0.969581, 0.173078, 0.173078), 
			glm::vec3(0.902947, 0.200776, 0.379967), 
			glm::vec3(0.902948, 0.379965, 0.200776), 
			glm::vec3(0.636928, 0.636928, 0.434333), 
			glm::vec3(0.636928, 0.434333, 0.636928), 
			glm::vec3(0.434333, 0.636928, 0.636928), 
			glm::vec3(-0.173078, 0.969581, 0.173078), 
			glm::vec3(-0.200776, 0.902947, 0.379967), 
			glm::vec3(-0.379967, 0.902947, 0.200776), 
			glm::vec3(-0.173078, 0.173078, 0.969581), 
			glm::vec3(-0.379967, 0.200776, 0.902947), 
			glm::vec3(-0.200776, 0.379965, 0.902948), 
			glm::vec3(-0.434333, 0.636928, 0.636928), 
			glm::vec3(-0.636928, 0.434333, 0.636928), 
			glm::vec3(-0.636928, 0.636928, 0.434333), 
			glm::vec3(-0.173078, 0.969581, -0.173078), 
			glm::vec3(-0.379967, 0.902947, -0.200776), 
			glm::vec3(-0.200776, 0.902947, -0.379967), 
			glm::vec3(-0.969581, 0.173078, -0.173078), 
			glm::vec3(-0.902947, 0.200776, -0.379967), 
			glm::vec3(-0.902948, 0.379965, -0.200776), 
			glm::vec3(-0.636928, 0.636928, -0.434333), 
			glm::vec3(-0.636928, 0.434333, -0.636928), 
			glm::vec3(-0.434333, 0.636928, -0.636928), 
			glm::vec3(0.519721, -0.000000, 0.854336), 
			glm::vec3(0.854336, -0.000000, -0.519721), 
			glm::vec3(0.000000, 0.519721, -0.854336), 
			glm::vec3(-0.854336, 0.519721, -0.000000), 
			glm::vec3(-0.000000, 0.519721, 0.854336), 
			glm::vec3(0.854336, 0.519721, 0.000000), 
			glm::vec3(0.139167, 0.990269, 0.000000), 
			glm::vec3(0.000000, 0.990269, 0.139167), 
			glm::vec3(-0.139167, 0.990269, -0.000000), 
			glm::vec3(0.000000, 0.990269, -0.139167), 
			glm::vec3(0.139167, -0.000000, -0.990269), 
			glm::vec3(0.990269, -0.000000, 0.139167), 
			glm::vec3(0.779257, 0.590606, -0.209624), 
			glm::vec3(0.209626, 0.590606, -0.779257), 
			glm::vec3(0.209626, 0.779256, -0.590607), 
			glm::vec3(0.209624, 0.590606, 0.779257), 
			glm::vec3(0.779257, 0.590606, 0.209624), 
			glm::vec3(0.590608, 0.779256, 0.209624), 
			glm::vec3(-0.779257, 0.590606, 0.209624), 
			glm::vec3(-0.209626, 0.590606, 0.779257), 
			glm::vec3(-0.209626, 0.779256, 0.590607), 
			glm::vec3(-0.209624, 0.590606, -0.779257), 
			glm::vec3(-0.779257, 0.590606, -0.209626), 
			glm::vec3(-0.590608, 0.779256, -0.209624), 
			glm::vec3(-0.209624, 0.779257, -0.590606), 
			glm::vec3(-0.779256, 0.209624, -0.590608), 
			glm::vec3(-0.590606, 0.209624, -0.779257), 
			glm::vec3(-0.590608, 0.779256, 0.209624), 
			glm::vec3(-0.590608, 0.209624, 0.779256), 
			glm::vec3(-0.779257, 0.209624, 0.590606), 
			glm::vec3(0.209624, 0.779256, 0.590608), 
			glm::vec3(0.779256, 0.209624, 0.590608), 
			glm::vec3(0.590606, 0.209624, 0.779257), 
			glm::vec3(0.590608, 0.779256, -0.209624), 
			glm::vec3(0.590608, 0.209624, -0.779256), 
			glm::vec3(0.779257, 0.209624, -0.590606), 
			glm::vec3(0.854336, -0.000000, 0.519721), 
			glm::vec3(0.519721, -0.000000, -0.854336), 
			glm::vec3(0.000000, 0.854336, -0.519721), 
			glm::vec3(-0.519721, 0.854336, -0.000000), 
			glm::vec3(-0.000000, 0.854336, 0.519721), 
			glm::vec3(0.519721, 0.854336, 0.000000), 
			glm::vec3(0.990269, 0.139167, 0.000000), 
			glm::vec3(-0.000000, 0.139167, 0.990269), 
			glm::vec3(-0.990269, 0.139167, -0.000000), 
			glm::vec3(0.000000, 0.139167, -0.990269), 
			glm::vec3(0.990269, -0.000000, -0.139167), 
			glm::vec3(0.139167, -0.000000, 0.990269)
};
std::vector<glm::vec3> vec (normals, normals + sizeof(normals) / sizeof(normals[0]) );
